# # k Pk
1.000000000000000048e-04 2.602011391304654921e+02
3.102902902902902448e-03 6.425391701496449059e+03
6.105805805805805501e-03 1.047635905967818144e+04
9.108708708708706386e-03 1.298382975875506963e+04
1.211161161161160987e-02 1.436847157852690725e+04
1.511451451451451336e-02 1.492800834363528520e+04
1.811741741741741338e-02 1.488633813109048788e+04
2.112032032032031686e-02 1.442302075313153364e+04
2.412322322322322035e-02 1.368680418108510639e+04
2.712612612612612384e-02 1.279880774401683084e+04
3.012902902902902733e-02 1.185606928991185123e+04
3.313193193193193081e-02 1.093239363237864018e+04
3.613483483483483083e-02 1.007178027771009511e+04
3.913773773773773779e-02 9.308402033115416998e+03
4.214064064064063780e-02 8.653467133848978847e+03
4.514354354354354476e-02 8.104616554018075476e+03
4.814644644644644478e-02 7.653843806390784266e+03
5.114934934934934480e-02 7.287733425738401820e+03
5.415225225225225175e-02 6.987457407525503186e+03
5.715515515515515177e-02 6.733881629451767367e+03
6.015805805805805873e-02 6.508411855625552562e+03
6.316096096096095180e-02 6.294320672968172403e+03
6.616386386386385876e-02 6.078136681132347803e+03
6.916676676676676572e-02 5.850435516236881085e+03
7.216966966966965880e-02 5.606232743180327816e+03
7.517257257257256575e-02 5.344869659564549693e+03
7.817547547547547271e-02 5.069440644309252093e+03
8.117837837837837967e-02 4.785854827682195719e+03
8.418128128128127274e-02 4.501672581380112206e+03
8.718418418418417970e-02 4.224940194704551686e+03
9.018708708708708666e-02 3.963139921239217074e+03
9.318998998998997974e-02 3.722409339212109444e+03
9.619289289289288669e-02 3.507053698397740845e+03
9.919579579579579365e-02 3.319346285347779485e+03
1.021986986986986867e-01 3.159601592175189126e+03
1.052016016016015937e-01 3.026411284715068632e+03
1.082045045045045006e-01 2.916946485317411771e+03
1.112074074074073937e-01 2.827311863163837643e+03
1.142103103103103007e-01 2.752935041076726975e+03
1.172132132132132076e-01 2.688954533184818047e+03
1.202161161161161146e-01 2.630580460304749522e+03
1.232190190190190077e-01 2.573426131014472958e+03
1.262219219219218869e-01 2.513858995084529397e+03
1.292248248248248077e-01 2.449257203348078747e+03
1.322277277277277008e-01 2.378121469193430585e+03
1.352306306306305939e-01 2.300130423199295819e+03
1.382335335335335147e-01 2.216063994173184255e+03
1.412364364364364078e-01 2.127509427811763999e+03
1.442393393393393008e-01 2.036649160779373915e+03
1.472422422422422217e-01 1.945964109903273084e+03
1.502451451451451148e-01 1.857853402239078605e+03
1.532480480480480356e-01 1.774515758537238980e+03
1.562509509509509287e-01 1.697658292220600970e+03
1.592538538538538218e-01 1.628484766691488176e+03
1.622567567567567426e-01 1.567552194797060793e+03
1.652596596596596357e-01 1.514923018555435192e+03
1.682625625625625287e-01 1.470071425345625130e+03
1.712654654654654496e-01 1.432120503839265439e+03
1.742683683683683427e-01 1.399793634475999170e+03
1.772712712712712357e-01 1.371735093144045095e+03
1.802741741741741566e-01 1.346520223365272841e+03
1.832770770770770496e-01 1.322756950523767046e+03
1.862799799799799427e-01 1.299104278299570296e+03
1.892828828828828636e-01 1.274460914516909497e+03
1.922857857857857566e-01 1.247956099356494860e+03
1.952886886886886497e-01 1.219157526448674162e+03
1.982915915915915706e-01 1.188036032091451943e+03
2.012944944944944636e-01 1.154855481459996327e+03
2.042973973973973567e-01 1.120212189691277899e+03
2.073003003003002775e-01 1.084765268652175109e+03
2.103032032032031706e-01 1.049345542522124106e+03
2.133061061061060637e-01 1.014691182301578010e+03
2.163090090090089845e-01 9.814729162771874371e+02
2.193119119119118776e-01 9.502443866876628817e+02
2.223148148148147707e-01 9.213743492933489279e+02
2.253177177177176915e-01 8.950877696244214121e+02
2.283206206206205846e-01 8.714815637338588203e+02
2.313235235235234777e-01 8.504229810405695389e+02
2.343264264264263985e-01 8.317423249847316811e+02
2.373293293293292916e-01 8.150958582153584757e+02
2.403322322322322124e-01 8.000364603345041132e+02
2.433351351351351055e-01 7.861439204506201577e+02
2.463380380380379986e-01 7.729401599671841723e+02
2.493409409409409194e-01 7.599814915567665139e+02
2.523438438438437847e-01 7.469173270697425551e+02
2.553467467467467333e-01 7.335003231540887327e+02
2.583496496496496264e-01 7.195313413850134339e+02
2.613525525525525195e-01 7.049523270858942396e+02
2.643554554554554126e-01 6.898129016495926180e+02
2.673583583583583057e-01 6.741788882884051191e+02
2.703612612612611987e-01 6.582366743864977252e+02
2.733641641641641473e-01 6.422234156849310693e+02
2.763670670670670404e-01 6.263510565189933459e+02
2.793699699699699335e-01 6.108551714516320317e+02
2.823728728728728266e-01 5.959636130490705455e+02
2.853757757757757196e-01 5.818618621959790289e+02
2.883786786786786127e-01 5.686412758036445894e+02
2.913815815815815613e-01 5.563359673820153830e+02
2.943844844844844544e-01 5.449681047663051459e+02
2.973873873873873475e-01 5.344823499793405972e+02
3.003902902902902405e-01 5.247558540220893519e+02
3.033931931931931336e-01 5.156759925636781645e+02
3.063960960960960822e-01 5.071220059388520554e+02
3.093989989989989753e-01 4.989417149961804512e+02
3.124019019019018684e-01 4.909938360887847466e+02
3.154048048048047614e-01 4.831551737397393822e+02
3.184077077077076545e-01 4.753340519470614822e+02
3.214106106106105476e-01 4.674575420581114713e+02
3.244135135135134962e-01 4.594623621828213231e+02
3.274164164164163893e-01 4.513272819229736115e+02
3.304193193193192823e-01 4.430968316347121458e+02
3.334222222222221754e-01 4.348183036362131020e+02
3.364251251251250685e-01 4.265358972291944610e+02
3.394280280280279616e-01 4.183132584870380697e+02
3.424309309309309102e-01 4.102250914782954396e+02
3.454338338338338033e-01 4.023372541545950298e+02
3.484367367367366963e-01 3.947054710627256782e+02
3.514396396396395894e-01 3.873659437843707565e+02
3.544425425425424825e-01 3.803440583725228521e+02
3.574454454454453756e-01 3.736612418473813477e+02
3.604483483483483242e-01 3.673297604448738412e+02
3.634512512512512172e-01 3.613193035715425481e+02
3.664541541541541103e-01 3.555849741875888981e+02
3.694570570570570034e-01 3.500860177943333724e+02
3.724599599599598965e-01 3.447847851130132995e+02
3.754628628628627895e-01 3.396396438371806425e+02
3.784657657657657381e-01 3.346083197499852417e+02
3.814686686686686312e-01 3.296525692798647356e+02
3.844715715715715243e-01 3.247381755942571999e+02
3.874744744744744174e-01 3.198456840178272955e+02
3.904773773773773105e-01 3.149735616251217039e+02
3.934802802802802590e-01 3.101217649562802876e+02
3.964831831831831521e-01 3.052903890628608679e+02
3.994860860860860452e-01 3.004822412796755202e+02
4.024889889889889383e-01 2.957159699851581536e+02
4.054918918918918314e-01 2.910144437464763882e+02
4.084947947947947244e-01 2.863981281264992731e+02
4.114976976976976730e-01 2.818852408537078418e+02
4.145006006006005661e-01 2.774894414796780779e+02
4.175035035035034592e-01 2.732159111872381345e+02
4.205064064064063523e-01 2.690678834037339584e+02
4.235093093093092453e-01 2.650480073473324296e+02
4.265122122122121384e-01 2.611584003259384303e+02
4.295151151151150870e-01 2.573968301993244836e+02
4.325180180180179801e-01 2.537511916341486540e+02
4.355209209209208732e-01 2.502087678527991841e+02
4.385238238238237662e-01 2.467578423133107890e+02
4.415267267267266593e-01 2.433876208219479622e+02
4.445296296296295524e-01 2.400880715863105479e+02
4.475325325325325010e-01 2.368494911066219686e+02
4.505354354354353941e-01 2.336628114647439816e+02
4.535383383383382871e-01 2.305197145127349074e+02
4.565412412412411802e-01 2.274125840442565334e+02
4.595441441441440733e-01 2.243345600140028182e+02
4.625470470470469664e-01 2.212841867799274382e+02
4.655499499499499150e-01 2.182669306608297006e+02
4.685528528528528081e-01 2.152882718760388627e+02
4.715557557557557011e-01 2.123531660440682742e+02
4.745586586586585942e-01 2.094660770617809646e+02
4.775615615615614873e-01 2.066309910475196716e+02
4.805644644644644359e-01 2.038509701542400023e+02
4.835673673673673290e-01 2.011281881245107002e+02
4.865702702702702220e-01 1.984645151205921536e+02
4.895731731731731151e-01 1.958615688298778537e+02
4.925760760760760082e-01 1.933207347930783442e+02
4.955789789789789013e-01 1.908431804616878082e+02
4.985818818818818499e-01 1.884279233756078895e+02
5.015847847847847429e-01 1.860691846720223168e+02
5.045876876876875805e-01 1.837608642624724951e+02
5.075905905905905291e-01 1.814972952566248523e+02
5.105934934934934777e-01 1.792732157095510956e+02
5.135963963963963153e-01 1.770837431510053079e+02
5.165992992992992638e-01 1.749243954635659293e+02
5.196022022022021014e-01 1.727929098139897519e+02
5.226051051051050500e-01 1.706897117247240487e+02
5.256080080080079986e-01 1.686153450597915935e+02
5.286109109109108362e-01 1.665702818399928731e+02
5.316138138138137847e-01 1.645549267186291047e+02
5.346167167167166223e-01 1.625696212620138112e+02
5.376196196196195709e-01 1.606146480390602562e+02
5.406225225225224085e-01 1.586902790666643170e+02
5.436254254254253571e-01 1.567968923162564181e+02
5.466283283283283057e-01 1.549348379936950835e+02
5.496312312312311432e-01 1.531044036839980720e+02
5.526341341341340918e-01 1.513058186973712509e+02
5.556370370370369294e-01 1.495392582057216657e+02
5.586399399399398780e-01 1.478048471749680459e+02
5.616428428428428266e-01 1.461026640988629026e+02
5.646457457457456641e-01 1.444324648009663292e+02
5.676486486486486127e-01 1.427927941016594104e+02
5.706515515515514503e-01 1.411819536161289079e+02
5.736544544544543989e-01 1.395983398395487995e+02
5.766573573573572364e-01 1.380404389793918654e+02
5.796602602602601850e-01 1.365068221281654246e+02
5.826631631631631336e-01 1.349961407556037898e+02
5.856660660660659712e-01 1.335071224950611963e+02
5.886689689689689198e-01 1.320385672094753886e+02
5.916718718718717573e-01 1.305895827217818521e+02
5.946747747747747059e-01 1.291601739590227282e+02
5.976776776776776545e-01 1.277505168739001391e+02
6.006805805805804921e-01 1.263607573267116919e+02
6.036834834834834407e-01 1.249910129155802565e+02
6.066863863863862782e-01 1.236413747278741084e+02
6.096892892892892268e-01 1.223119090147003192e+02
6.126921921921921754e-01 1.210026587904642241e+02
6.156950950950950130e-01 1.197136453595553434e+02
6.186979979979979616e-01 1.184448697722784232e+02
6.217009009009007992e-01 1.171962295854931000e+02
6.247038038038037477e-01 1.159672217778796579e+02
6.277067067067065853e-01 1.147572482635597311e+02
6.307096096096095339e-01 1.135657347130769210e+02
6.337125125125124825e-01 1.123921295204715420e+02
6.367154154154153201e-01 1.112359028084610770e+02
6.397183183183182686e-01 1.100965454831085992e+02
6.427212212212211062e-01 1.089735683351631081e+02
6.457241241241240548e-01 1.078665011854411659e+02
6.487270270270270034e-01 1.067748920717796466e+02
6.517299299299298410e-01 1.056983064752505044e+02
6.547328328328327895e-01 1.046363277165644803e+02
6.577357357357356271e-01 1.035886337452190418e+02
6.607386386386385757e-01 1.025550396835177906e+02
6.637415415415414133e-01 1.015353734354193023e+02
6.667444444444443619e-01 1.005294633529365314e+02
6.697473473473473105e-01 9.953713834261174043e+01
6.727502502502501480e-01 9.855822796499376182e+01
6.757531531531530966e-01 9.759256252746681071e+01
6.787560560560559342e-01 9.663997317075600790e+01
6.817589589589588828e-01 9.570029194942499373e+01
6.847618618618618314e-01 9.477335190666750009e+01
6.877647647647646689e-01 9.385898714367878881e+01
6.907676676676676175e-01 9.295703288388224905e+01
6.937705705705704551e-01 9.206732553227503502e+01
6.967734734734734037e-01 9.118970147605814702e+01
6.997763763763763523e-01 9.032396604412147667e+01
7.027792792792791898e-01 8.946989373390456990e+01
7.057821821821821384e-01 8.862726293452661253e+01
7.087850850850849760e-01 8.779585752927570752e+01
7.117879879879879246e-01 8.697546673001828310e+01
7.147908908908907621e-01 8.616588491742665212e+01
7.177937937937937107e-01 8.536691148678845309e+01
7.207966966966966593e-01 8.457835069917945248e+01
7.237995995995994969e-01 8.380001153778621870e+01
7.268025025025024455e-01 8.303170756917556616e+01
7.298054054054052830e-01 8.227325680931892293e+01
7.328083083083082316e-01 8.152448159418423757e+01
7.358112112112111802e-01 8.078520845472021961e+01
7.388141141141140178e-01 8.005526799606124655e+01
7.418170170170169664e-01 7.933449478079313621e+01
7.448199199199198040e-01 7.862272721612306725e+01
7.478228228228227525e-01 7.791980751681195727e+01
7.508257257257255901e-01 7.722558717483497048e+01
7.538286286286285387e-01 7.653993040127842562e+01
7.568315315315314873e-01 7.586270487195385215e+01
7.598344344344343249e-01 7.519378069691003930e+01
7.628373373373372734e-01 7.453303036887331245e+01
7.658402402402401110e-01 7.388032871291420633e+01
7.688431431431430596e-01 7.323555283730723886e+01
7.718460460460460082e-01 7.259858208555613146e+01
7.748489489489488458e-01 7.196929798954991497e+01
7.778518518518517944e-01 7.134758422382361687e+01
7.808547547547546319e-01 7.073332656089354487e+01
7.838576576576575805e-01 7.012641282763925688e+01
7.868605605605605291e-01 6.952673286270589870e+01
7.898634634634633667e-01 6.893417847489995154e+01
7.928663663663663153e-01 6.834864340255310822e+01
7.958692692692691528e-01 6.777002327382948010e+01
7.988721721721721014e-01 6.719821556795182005e+01
8.018750750750749390e-01 6.663311957732375390e+01
8.048779779779778876e-01 6.607463637052381955e+01
8.078808808808808362e-01 6.552266875615094932e+01
8.108837837837836737e-01 6.497712124749926943e+01
8.138866866866866223e-01 6.443790002803929440e+01
8.168895895895894599e-01 6.390491282852561739e+01
8.198924924924924085e-01 6.337806784222732404e+01
8.228953953953953571e-01 6.285727410938454796e+01
8.258982982982981946e-01 6.234244230143524845e+01
8.289012012012011432e-01 6.183348470268427377e+01
8.319041041041039808e-01 6.133031517586073278e+01
8.349070070070069294e-01 6.083284912852297310e+01
8.379099099099097669e-01 6.034100348029016914e+01
8.409128128128127155e-01 5.985469663087506831e+01
8.439157157157156641e-01 5.937384842889856174e+01
8.469186186186185017e-01 5.889838014146166500e+01
8.499215215215214503e-01 5.842821442445532654e+01
8.529244244244242878e-01 5.796327529358860176e+01
8.559273273273272364e-01 5.750348809611313783e+01
8.589302302302301850e-01 5.704877948322794623e+01
8.619331331331330226e-01 5.659907738314328896e+01
8.649360360360359712e-01 5.615431097478684563e+01
8.679389389389388088e-01 5.571441066213630222e+01
8.709418418418417573e-01 5.527930804915828844e+01
8.739447447447447059e-01 5.484893591534024893e+01
8.769476476476475435e-01 5.442322819179791793e+01
8.799505505505504921e-01 5.400211993794329146e+01
8.829534534534533297e-01 5.358554731869874388e+01
8.859563563563562782e-01 5.317344758224167123e+01
8.889592592592591158e-01 5.276575903826706337e+01
8.919621621621620644e-01 5.236242103675289883e+01
8.949650650650650130e-01 5.196337394721664538e+01
8.979679679679678506e-01 5.156855913844854911e+01
9.009708708708707992e-01 5.117791895871019392e+01
9.039737737737736367e-01 5.079139671638650100e+01
9.069766766766765853e-01 5.040893666107818660e+01
9.099795795795795339e-01 5.003048396512431140e+01
9.129824824824823715e-01 4.965598470554572685e+01
9.159853853853853201e-01 4.928538585193260957e+01
9.189882882882881576e-01 4.891863526088486935e+01
9.219911911911911062e-01 4.855568164424079214e+01
9.249940940940939438e-01 4.819647454901213024e+01
9.279969969969968924e-01 4.784096434131024722e+01
9.309998998998998410e-01 4.748910219063000682e+01
9.340028028028026785e-01 4.714084005448148673e+01
9.370057057057056271e-01 4.679613066336075633e+01
9.400086086086084647e-01 4.645492750605131960e+01
9.430115115115114133e-01 4.611718481524841451e+01
9.460144144144143619e-01 4.578285755349743624e+01
9.490173173173171994e-01 4.545190139943922958e+01
9.520202202202201480e-01 4.512427273435434216e+01
9.550231231231229856e-01 4.479992862899926820e+01
9.580260260260259342e-01 4.447882683072684529e+01
9.610289289289288828e-01 4.416092575088481453e+01
9.640318318318317203e-01 4.384618445248451479e+01
9.670347347347346689e-01 4.353456263813424698e+01
9.700376376376375065e-01 4.322602063823052276e+01
9.730405405405404551e-01 4.292051939940048300e+01
9.760434434434432927e-01 4.261802047319010001e+01
9.790463463463462412e-01 4.231848600499164093e+01
9.820492492492491898e-01 4.202187872320573092e+01
9.850521521521520274e-01 4.172816192863056983e+01
9.880550550550549760e-01 4.143729948407460739e+01
9.910579579579578136e-01 4.114925580418694295e+01
9.940608608608607621e-01 4.086399584549910458e+01
9.970637637637637107e-01 4.058148509667508819e+01
1.000066666666666659e+00 4.030168956896366694e+01
1.003069569569569497e+00 4.002457578684731487e+01
1.006072472472472334e+00 3.975011077888584765e+01
1.009075375375375172e+00 3.947826206874723454e+01
1.012078278278278232e+00 3.920899766642294537e+01
1.015081181181181069e+00 3.894228605962326384e+01
1.018084084084083907e+00 3.867809620534814741e+01
1.021086986986986966e+00 3.841639752162940624e+01
1.024089889889889804e+00 3.815715987944114573e+01
1.027092792792792642e+00 3.790035359477325017e+01
1.030095695695695479e+00 3.764594942086529272e+01
1.033098598598598539e+00 3.739391854059693543e+01
1.036101501501501376e+00 3.714423255903088972e+01
1.039104404404404214e+00 3.689686349610489202e+01
1.042107307307307273e+00 3.665178377947031407e+01
1.045110210210210111e+00 3.640896623747295990e+01
1.048113113113112949e+00 3.616838409227326423e+01
1.051116016016016008e+00 3.593001095310266635e+01
1.054118918918918846e+00 3.569382080965385029e+01
1.057121821821821683e+00 3.545978802560016874e+01
1.060124724724724521e+00 3.522788733224330571e+01
1.063127627627627581e+00 3.499809382228488630e+01
1.066130530530530418e+00 3.477038294372023586e+01
1.069133433433433256e+00 3.454473049402353979e+01
1.072136336336336315e+00 3.432111261668326563e+01
1.075139239239239153e+00 3.409950579473243693e+01
1.078142142142141990e+00 3.387988684308992049e+01
1.081145045045044828e+00 3.366223290297651261e+01
1.084147947947947888e+00 3.344652143649073395e+01
1.087150850850850725e+00 3.323273022128881138e+01
1.090153753753753563e+00 3.302083734536601867e+01
1.093156656656656622e+00 3.281082120193789819e+01
1.096159559559559460e+00 3.260266048441882702e+01
1.099162462462462297e+00 3.239633418149554700e+01
1.102165365365365357e+00 3.219182157229445806e+01
1.105168268268268195e+00 3.198910222163969763e+01
1.108171171171171032e+00 3.178815597540070215e+01
1.111174074074073870e+00 3.158896295592715475e+01
1.114176976976976929e+00 3.139150355756943611e+01
1.117179879879879767e+00 3.119575844228276651e+01
1.120182782782782605e+00 3.100170853531327353e+01
1.123185685685685664e+00 3.080933502096428001e+01
1.126188588588588502e+00 3.061861933844116734e+01
1.129191491491491339e+00 3.042954317777302720e+01
1.132194394394394177e+00 3.024208847580959514e+01
1.135197297297297236e+00 3.005623741229181434e+01
1.138200200200200074e+00 2.987197240599473957e+01
1.141203103103102912e+00 2.968927611094073882e+01
1.144206006006005971e+00 2.950813141268231732e+01
1.147208908908908809e+00 2.932852142465224077e+01
1.150211811811811646e+00 2.915042948458041039e+01
1.153214714714714484e+00 2.897383915097537255e+01
1.156217617617617544e+00 2.879873419966970971e+01
1.159220520520520381e+00 2.862509862042776021e+01
1.162223423423423219e+00 2.845291661361426705e+01
1.165226326326326278e+00 2.828217258692291836e+01
1.168229229229229116e+00 2.811285115216358577e+01
1.171232132132131953e+00 2.794493712210688940e+01
1.174235035035035013e+00 2.777841550738498810e+01
1.177237937937937851e+00 2.761327151344751485e+01
1.180240840840840688e+00 2.744949053757172663e+01
1.183243743743743526e+00 2.728705816592503552e+01
1.186246646646646585e+00 2.712596017068013055e+01
1.189249549549549423e+00 2.696618250718032428e+01
1.192252452452452260e+00 2.680771131115496786e+01
1.195255355355355320e+00 2.665053289598377262e+01
1.198258258258258158e+00 2.649463375000867060e+01
1.201261161161160995e+00 2.634000053389287288e+01
1.204264064064063833e+00 2.618662007802589997e+01
1.207266966966966892e+00 2.603447937997321304e+01
1.210269869869869730e+00 2.588356560197094325e+01
1.213272772772772568e+00 2.573386606846284508e+01
1.216275675675675627e+00 2.558536826368051464e+01
1.219278578578578465e+00 2.543805982926503972e+01
1.222281481481481302e+00 2.529192856192914718e+01
1.225284384384384362e+00 2.514696241115998276e+01
1.228287287287287199e+00 2.500314947696054801e+01
1.231290190190190037e+00 2.486047800763001803e+01
1.234293093093092875e+00 2.471893639758164340e+01
1.237295995995995934e+00 2.457851318519771056e+01
1.240298898898898772e+00 2.443919705072095638e+01
1.243301801801801609e+00 2.430097681418125077e+01
1.246304704704704669e+00 2.416384143335761792e+01
1.249307607607607506e+00 2.402778000177417894e+01
1.252310510510510344e+00 2.389278174673004429e+01
1.255313413413413182e+00 2.375883602736191946e+01
1.258316316316316241e+00 2.362593233273900850e+01
1.261319219219219079e+00 2.349406027999012991e+01
1.264322122122121916e+00 2.336320961246134331e+01
1.267325025025024976e+00 2.323337019790452374e+01
1.270327927927927814e+00 2.310453202669593509e+01
1.273330830830830651e+00 2.297668521008390741e+01
1.276333733733733711e+00 2.284981997846570678e+01
1.279336636636636548e+00 2.272392667969263158e+01
1.282339539539539386e+00 2.259899577740279497e+01
1.285342442442442223e+00 2.247501784938134506e+01
1.288345345345345283e+00 2.235198358594742274e+01
1.291348248248248121e+00 2.222988378836733503e+01
1.294351151151150958e+00 2.210870936729359926e+01
1.297354054054054018e+00 2.198845134122931100e+01
1.300356956956956855e+00 2.186910083501731350e+01
1.303359859859859693e+00 2.175064907835382044e+01
1.306362762762762530e+00 2.163308740432596267e+01
1.309365665665665590e+00 2.151640724797292492e+01
1.312368568568568428e+00 2.140060014487010420e+01
1.315371471471471265e+00 2.128565772964202196e+01
1.318374374374374325e+00 2.117157173347337107e+01
1.321377277277277162e+00 2.105833398317197336e+01
1.324380180180180000e+00 2.094593640069766138e+01
1.327383083083082838e+00 2.083437100187193280e+01
1.330385985985985897e+00 2.072362989509012010e+01
1.333388888888888735e+00 2.061370528005401326e+01
1.336391791791791572e+00 2.050458944652448423e+01
1.339394694694694632e+00 2.039627477309375791e+01
1.342397597597597469e+00 2.028875372597699211e+01
1.345400500500500307e+00 2.018201885782282190e+01
1.348403403403403367e+00 2.007606280654256636e+01
1.351406306306306204e+00 1.997087829415753646e+01
1.354409209209209042e+00 1.986645812566459668e+01
1.357412112112111879e+00 1.976279518791917411e+01
1.360415015015014939e+00 1.965988244853554079e+01
1.363417917917917777e+00 1.955771295480449368e+01
1.366420820820820614e+00 1.945627983262726346e+01
1.369423723723723674e+00 1.935557628546630582e+01
1.372426626626626511e+00 1.925559559331197690e+01
1.375429529529529349e+00 1.915633111166520663e+01
1.378432432432432186e+00 1.905777627053561929e+01
1.381435335335335246e+00 1.895992457345530013e+01
1.384438238238238084e+00 1.886276959650719576e+01
1.387441141141140921e+00 1.876630498736865960e+01
1.390444044044043981e+00 1.867052446436939306e+01
1.393446946946946818e+00 1.857542181556356198e+01
1.396449849849849656e+00 1.848099089781635485e+01
1.399452752752752716e+00 1.838722563590384951e+01
1.402455655655655553e+00 1.829412002162681361e+01
1.405458558558558391e+00 1.820166811293763587e+01
1.408461461461461228e+00 1.810986403308058712e+01
1.411464364364364288e+00 1.801870196974465799e+01
1.414467267267267125e+00 1.792817617422939236e+01
1.417470170170169963e+00 1.783828096062294932e+01
1.420473073073073023e+00 1.774901070499247169e+01
1.423475975975975860e+00 1.766035984458660479e+01
1.426478878878878698e+00 1.757232287704960783e+01
1.429481781781781535e+00 1.748489435964735605e+01
1.432484684684684595e+00 1.739806890850460874e+01
1.435487587587587432e+00 1.731184119785364928e+01
1.438490490490490270e+00 1.722620595929383214e+01
1.441493393393393330e+00 1.714115798106221433e+01
1.444496296296296167e+00 1.705669210731463536e+01
1.447499199199199005e+00 1.697280323741765429e+01
1.450502102102102064e+00 1.688948632525032068e+01
1.453505005005004902e+00 1.680673637851674229e+01
1.456507907907907740e+00 1.672454845806810653e+01
1.459510810810810577e+00 1.664291767723489812e+01
1.462513713713713637e+00 1.656183920116861685e+01
1.465516616616616474e+00 1.648130824619304136e+01
1.468519519519519312e+00 1.640132007916500712e+01
1.471522422422422371e+00 1.632187001684406624e+01
1.474525325325325209e+00 1.624295342527162234e+01
1.477528228228228047e+00 1.616456571915860962e+01
1.480531131131130884e+00 1.608670236128214981e+01
1.483534034034033944e+00 1.600935886189082780e+01
1.486536936936936781e+00 1.593253077811834828e+01
1.489539839839839619e+00 1.585621371340554475e+01
1.492542742742742679e+00 1.578040331693080311e+01
1.495545645645645516e+00 1.570509528304830482e+01
1.498548548548548354e+00 1.563028535073433645e+01
1.501551451451451191e+00 1.555596930304149694e+01
1.504554354354354251e+00 1.548214296656043665e+01
1.507557257257257088e+00 1.540880221088937319e+01
1.510560160160159926e+00 1.533594294811085668e+01
1.513563063063062986e+00 1.526356113227599565e+01
1.516565965965965823e+00 1.519165275889593403e+01
1.519568868868868661e+00 1.512021386444030746e+01
1.522571771771771720e+00 1.504924052584274996e+01
1.525574674674674558e+00 1.497872886001339765e+01
1.528577577577577395e+00 1.490867502335798633e+01
1.531580480480480233e+00 1.483907521130364948e+01
1.534583383383383293e+00 1.476992565783142908e+01
1.537586286286286130e+00 1.470122263501510318e+01
1.540589189189188968e+00 1.463296245256634975e+01
1.543592092092092027e+00 1.456514145738633026e+01
1.546594994994994865e+00 1.449775603312326311e+01
1.549597897897897703e+00 1.443080259973616286e+01
1.552600800800800540e+00 1.436427761306451956e+01
1.555603703703703600e+00 1.429817756440387022e+01
1.558606606606606437e+00 1.423249898008715064e+01
1.561609509509509275e+00 1.416723842107170306e+01
1.564612412412412334e+00 1.410239248253200905e+01
1.567615315315315172e+00 1.403795779345783323e+01
1.570618218218218010e+00 1.397393101625784340e+01
1.573621121121121069e+00 1.391030884636861131e+01
1.576624024024023907e+00 1.384708801186887506e+01
1.579626926926926744e+00 1.378426527309895810e+01
1.582629829829829582e+00 1.372183742228538250e+01
1.585632732732732642e+00 1.365980128317040254e+01
1.588635635635635479e+00 1.359815371064664369e+01
1.591638538538538317e+00 1.353689159039650924e+01
1.594641441441441376e+00 1.347601183853642937e+01
1.597644344344344214e+00 1.341551140126588493e+01
1.600647247247247051e+00 1.335538725452106767e+01
1.603650150150149889e+00 1.329563640363308608e+01
1.606653053053052949e+00 1.323625588299085365e+01
1.609655955955955786e+00 1.317724275570823345e+01
1.612658858858858624e+00 1.311859411329577974e+01
1.615661761761761683e+00 1.306030707533659374e+01
1.618664664664664521e+00 1.300237878916665046e+01
1.621667567567567358e+00 1.294480642955916316e+01
1.624670470470470196e+00 1.288758719841318623e+01
1.627673373373373256e+00 1.283071832444623972e+01
1.630676276276276093e+00 1.277419706289097157e+01
1.633679179179178931e+00 1.271802069519572953e+01
1.636682082082081990e+00 1.266218652872915662e+01
1.639684984984984828e+00 1.260669189648844757e+01
1.642687887887887666e+00 1.255153415681152040e+01
1.645690790790790725e+00 1.249671069309285976e+01
1.648693693693693563e+00 1.244221891350309583e+01
1.651696596596596400e+00 1.238805625070564176e+01
1.654699499499499238e+00 1.233422016111284059e+01
1.657702402402402297e+00 1.228070812431219494e+01
1.660705305305305135e+00 1.222751764354144655e+01
1.663708208208207973e+00 1.217464624550238916e+01
1.666711111111111032e+00 1.212209148010043869e+01
1.669714014014013870e+00 1.206985092018776662e+01
1.672716916916916707e+00 1.201792216130951196e+01
1.675719819819819545e+00 1.196630282145326518e+01
1.678722722722722605e+00 1.191499054080182596e+01
1.681725625625625442e+00 1.186398298148905894e+01
1.684728528528528280e+00 1.181327782735877818e+01
1.687731431431431339e+00 1.176287278372678813e+01
1.690734334334334177e+00 1.171276557714587518e+01
1.693737237237237014e+00 1.166295395517379774e+01
1.696740140140140074e+00 1.161343568614411126e+01
1.699743043043042912e+00 1.156420855894004518e+01
1.702745945945945749e+00 1.151527038277103721e+01
1.705748848848848587e+00 1.146661898695217374e+01
1.708751751751751646e+00 1.141825222068638546e+01
1.711754654654654484e+00 1.137016795284932869e+01
1.714757557557557321e+00 1.132236407177693671e+01
1.717760460460460381e+00 1.127483848505570663e+01
1.720763363363363219e+00 1.122758911931548376e+01
1.723766266266266056e+00 1.118061392002485555e+01
1.726769169169168894e+00 1.113391085128913716e+01
1.729772072072071953e+00 1.108747789565077646e+01
1.732774974974974791e+00 1.104131305389223527e+01
1.735777877877877629e+00 1.099541434484139479e+01
1.738780780780780688e+00 1.094977980517917437e+01
1.741783683683683526e+00 1.090440748924970293e+01
1.744786586586586363e+00 1.085929546887270725e+01
1.747789489489489423e+00 1.081444183315820595e+01
1.750792392392392260e+00 1.076984468832353237e+01
1.753795295295295098e+00 1.072550215751253333e+01
1.756798198198197936e+00 1.068141238061694409e+01
1.759801101101100995e+00 1.063757351410004581e+01
1.762804004004003833e+00 1.059398373082231259e+01
1.765806906906906670e+00 1.055064121986936421e+01
1.768809809809809730e+00 1.050754418638179999e+01
1.771812712712712568e+00 1.046469085138720523e+01
1.774815615615615405e+00 1.042207945163420391e+01
1.777818518518518243e+00 1.037970823942842991e+01
1.780821421421421302e+00 1.033757548247050728e+01
1.783824324324324140e+00 1.029567946369600939e+01
1.786827227227226977e+00 1.025401848111726721e+01
1.789830130130130037e+00 1.021259084766716185e+01
1.792833033033032875e+00 1.017139489104467032e+01
1.795835935935935712e+00 1.013042895356237416e+01
1.798838838838838550e+00 1.008969139199566811e+01
1.801841741741741609e+00 1.004918057743387827e+01
1.804844644644644447e+00 1.000889489513303410e+01
1.807847547547547284e+00 9.968832744370516252e+00
1.810850450450450344e+00 9.928992538301248061e+00
1.813853353353353182e+00 9.889372703815791255e+00
1.816856256256256019e+00 9.849971681399926737e+00
1.819859159159159079e+00 9.810787924996043685e+00
1.822862062062061916e+00 9.771819901866033220e+00
1.825864964964964754e+00 9.733066092455905149e+00
1.828867867867867592e+00 9.694524990261893294e+00
1.831870770770770651e+00 9.656195101698175520e+00
1.834873673673673489e+00 9.618074945966169409e+00
1.837876576576576326e+00 9.580163054925280974e+00
1.840879479479479386e+00 9.542457972965216584e+00
1.843882382382382223e+00 9.504958256879747935e+00
1.846885285285285061e+00 9.467662475741978056e+00
1.849888188188187899e+00 9.430569210781010625e+00
1.852891091091090958e+00 9.393677055260047482e+00
1.855893993993993796e+00 9.356984614355992491e+00
1.858896896896896633e+00 9.320490505040281093e+00
1.861899799799799693e+00 9.284193355961226857e+00
1.864902702702702531e+00 9.248091807327634584e+00
1.867905605605605368e+00 9.212184510793791858e+00
1.870908508508508428e+00 9.176470129345782212e+00
1.873911411411411265e+00 9.140947337189068378e+00
1.876914314314314103e+00 9.105614819637388280e+00
1.879917217217216940e+00 9.070471273002919332e+00
1.882920120120120000e+00 9.035515404487647118e+00
1.885923023023022838e+00 9.000745932076075206e+00
1.888925925925925675e+00 8.966161584429038101e+00
1.891928828828828735e+00 8.931761100778787821e+00
1.894931731731731572e+00 8.897543230825263549e+00
1.897934634634634410e+00 8.863506734633503470e+00
1.900937537537537247e+00 8.829650382532232555e+00
1.903940440440440307e+00 8.795972955013613870e+00
1.906943343343343145e+00 8.762473242634140291e+00
1.909946246246245982e+00 8.729150045916519218e+00
1.912949149149149042e+00 8.696002175252845134e+00
1.915952052052051879e+00 8.663028450808731407e+00
1.918954954954954717e+00 8.630227702428555858e+00
1.921957857857857777e+00 8.597598769541718866e+00
1.924960760760760614e+00 8.565140501070045431e+00
1.927963663663663452e+00 8.532851755336125166e+00
1.930966566566566289e+00 8.500731399972725200e+00
1.933969469469469349e+00 8.468778311833165873e+00
1.936972372372372186e+00 8.436991376902762241e+00
1.939975275275275024e+00 8.405369490211143102e+00
1.942978178178178084e+00 8.373911555745653601e+00
1.945981081081080921e+00 8.342616486365638906e+00
1.948983983983983759e+00 8.311483203717664026e+00
1.951986886886886596e+00 8.280510638151744374e+00
1.954989789789789656e+00 8.249697728638423655e+00
1.957992692692692493e+00 8.219043422686793221e+00
1.960995595595595331e+00 8.188546676263403157e+00
1.963998498498498391e+00 8.158206453712054440e+00
1.967001401401401228e+00 8.128021727674504149e+00
1.970004304304304066e+00 8.097991479011989568e+00
1.973007207207206903e+00 8.068114696727613833e+00
1.976010110110109963e+00 8.038390377889616190e+00
1.979013013013012801e+00 8.008817527555445182e+00
1.982015915915915638e+00 7.979395158696631185e+00
1.985018818818818698e+00 7.950122292124532031e+00
1.988021721721721535e+00 7.920997956416861108e+00
1.991024624624624373e+00 7.892021187844952657e+00
1.994027527527527432e+00 7.863191030301896589e+00
1.997030430430430270e+00 7.834506535231406943e+00
2.000033333333333108e+00 7.805966761557448841e+00
2.003036236236236167e+00 7.777570775614641718e+00
2.006039139139139227e+00 7.749317651079373981e+00
2.009042042042041842e+00 7.721206468901721465e+00
2.012044944944944902e+00 7.693236317238012489e+00
2.015047847847847962e+00 7.665406291384174509e+00
2.018050750750750577e+00 7.637715493709782422e+00
2.021053653653653637e+00 7.610163033592744597e+00
2.024056556556556696e+00 7.582748027354818454e+00
2.027059459459459312e+00 7.555469598197651848e+00
2.030062362362362371e+00 7.528326876139622037e+00
2.033065265265265431e+00 7.501318997953287493e+00
2.036068168168168047e+00 7.474445107103526276e+00
2.039071071071071106e+00 7.447704353686300571e+00
2.042073973973974166e+00 7.421095894368089141e+00
2.045076876876876781e+00 7.394618892325962811e+00
2.048079779779779841e+00 7.368272517188255932e+00
2.051082682682682901e+00 7.342055944975896864e+00
2.054085585585585516e+00 7.315968358044332653e+00
2.057088488488488576e+00 7.290008945026084319e+00
2.060091391391391191e+00 7.264176900773866130e+00
2.063094294294294251e+00 7.238471426304339928e+00
2.066097197197197310e+00 7.212891728742413022e+00
2.069100100100099926e+00 7.187437021266165793e+00
2.072103003003002986e+00 7.162106523052318430e+00
2.075105905905906045e+00 7.136899459222240338e+00
2.078108808808808661e+00 7.111815060788596377e+00
2.081111711711711720e+00 7.086852564608570937e+00
2.084114614614614780e+00 7.062011213350960936e+00
2.087117517517517395e+00 7.037290255424901275e+00
2.090120420420420455e+00 7.012688944921809053e+00
2.093123323323323515e+00 6.988206541564714769e+00
2.096126226226226130e+00 6.963842310658050927e+00
2.099129129129129190e+00 6.939595523038057046e+00
2.102132032032032249e+00 6.915465455023607433e+00
2.105134934934934865e+00 6.891451388367586972e+00
2.108137837837837925e+00 6.867552610208736752e+00
2.111140740740740540e+00 6.843768413024029940e+00
2.114143643643643600e+00 6.820098094581478421e+00
2.117146546546546659e+00 6.796540957893491885e+00
2.120149449449449275e+00 6.773096311170626826e+00
2.123152352352352334e+00 6.749763467775882653e+00
2.126155255255255394e+00 6.726541746179396597e+00
2.129158158158158010e+00 6.703430469913675971e+00
2.132161061061061069e+00 6.680428967529179474e+00
2.135163963963964129e+00 6.657536572550431409e+00
2.138166866866866744e+00 6.634752623432564000e+00
2.141169769769769804e+00 6.612076463518246960e+00
2.144172672672672864e+00 6.589507440995120646e+00
2.147175575575575479e+00 6.567044908853623575e+00
2.150178478478478539e+00 6.544688224845184088e+00
2.153181381381381598e+00 6.522436751440992886e+00
2.156184284284284214e+00 6.500289855791001159e+00
2.159187187187187273e+00 6.478246909683428534e+00
2.162190090090089889e+00 6.456307289504688463e+00
2.165192992992992949e+00 6.434470376199638686e+00
2.168195895895896008e+00 6.412735555232324636e+00
2.171198798798798624e+00 6.391102216547013271e+00
2.174201701701701683e+00 6.369569754529684324e+00
2.177204604604604743e+00 6.348137567969875938e+00
2.180207507507507358e+00 6.326805060022912208e+00
2.183210410410410418e+00 6.305571638172486892e+00
2.186213313313313478e+00 6.284436714193660123e+00
2.189216216216216093e+00 6.263399704116181077e+00
2.192219119119119153e+00 6.242460028188168586e+00
2.195222022022022212e+00 6.221617110840194975e+00
2.198224924924924828e+00 6.200870380649675440e+00
2.201227827827827888e+00 6.180219270305588708e+00
2.204230730730730947e+00 6.159663216573661337e+00
2.207233633633633563e+00 6.139201660261726978e+00
2.210236536536536622e+00 6.118834046185541276e+00
2.213239439439439238e+00 6.098559823134896973e+00
2.216242342342342297e+00 6.078378443840057876e+00
2.219245245245245357e+00 6.058289364938536536e+00
2.222248148148147973e+00 6.038292046942171254e+00
2.225251051051051032e+00 6.018385954204567234e+00
2.228253953953954092e+00 5.998570554888794426e+00
2.231256856856856707e+00 5.978845320935443297e+00
2.234259759759759767e+00 5.959209728030973707e+00
2.237262662662662827e+00 5.939663255576370204e+00
2.240265565565565442e+00 5.920205386656097524e+00
2.243268468468468502e+00 5.900835608007353628e+00
2.246271371371371561e+00 5.881553409989632719e+00
2.249274274274274177e+00 5.862358286554550268e+00
2.252277177177177236e+00 5.843249735216003771e+00
2.255280080080080296e+00 5.824227257020572424e+00
2.258282982982982912e+00 5.805290356518225003e+00
2.261285885885885971e+00 5.786438541733304852e+00
2.264288788788788587e+00 5.767671324135793753e+00
2.267291691691691646e+00 5.748988218612840484e+00
2.270294594594594706e+00 5.730388743440569144e+00
2.273297497497497321e+00 5.711872420256150384e+00
2.276300400400400381e+00 5.693438774030137317e+00
2.279303303303303441e+00 5.675087333039072313e+00
2.282306206206206056e+00 5.656817628838349599e+00
2.285309109109109116e+00 5.638629196235322105e+00
2.288312012012012175e+00 5.620521573262677428e+00
2.291314914914914791e+00 5.602494301152066036e+00
2.294317817817817851e+00 5.584546924307963955e+00
2.297320720720720910e+00 5.566678990281793915e+00
2.300323623623623526e+00 5.548890049746288966e+00
2.303326526526526585e+00 5.531179656470078143e+00
2.306329429429429201e+00 5.513547367292559009e+00
2.309332332332332260e+00 5.495992742098920303e+00
2.312335235235235320e+00 5.478515343795502091e+00
2.315338138138137936e+00 5.461114738285322900e+00
2.318341041041040995e+00 5.443790494443802253e+00
2.321343943943944055e+00 5.426542184094815369e+00
2.324346846846846670e+00 5.409369381986879333e+00
2.327349749749749730e+00 5.392271665769578171e+00
2.330352652652652790e+00 5.375248615970246391e+00
2.333355555555555405e+00 5.358299815970829272e+00
2.336358458458458465e+00 5.341424851984969635e+00
2.339361361361361524e+00 5.324623313035292682e+00
2.342364264264264140e+00 5.307894790930949291e+00
2.345367167167167199e+00 5.291238880245289877e+00
2.348370070070070259e+00 5.274655178293823354e+00
2.351372972972972875e+00 5.258143285112319987e+00
2.354375875875875934e+00 5.241702803435136282e+00
2.357378778778778550e+00 5.225333338673752159e+00
2.360381681681681609e+00 5.209034498895478649e+00
2.363384584584584669e+00 5.192805894802391187e+00
2.366387487487487284e+00 5.176647139710426337e+00
2.369390390390390344e+00 5.160557849528675689e+00
2.372393293293293404e+00 5.144537642738895578e+00
2.375396196196196019e+00 5.128586140375168689e+00
2.378399099099099079e+00 5.112702966003768168e+00
2.381402002002002138e+00 5.096887745703200245e+00
2.384404904904904754e+00 5.081140108044437831e+00
2.387407807807807814e+00 5.065459684071305091e+00
2.390410710710710873e+00 5.049846107281092955e+00
2.393413613613613489e+00 5.034299013605286532e+00
2.396416516516516548e+00 5.018818041390502138e+00
2.399419419419419608e+00 5.003402831379617055e+00
2.402422322322322223e+00 4.988053026693008540e+00
2.405425225225225283e+00 4.972768272810014878e+00
2.408428128128127899e+00 4.957548217550553638e+00
2.411431031031030958e+00 4.942392511056876714e+00
2.414433933933934018e+00 4.927300805775521653e+00
2.417436836836836633e+00 4.912272756439408639e+00
2.420439739739739693e+00 4.897308020050106236e+00
2.423442642642642753e+00 4.882406255860236577e+00
2.426445545545545368e+00 4.867567125356080382e+00
2.429448448448448428e+00 4.852790292240269032e+00
2.432451351351351487e+00 4.838075422414703120e+00
2.435454254254254103e+00 4.823422183963580245e+00
2.438457157157157162e+00 4.808830247136569369e+00
2.441460060060060222e+00 4.794299284332176114e+00
2.444462962962962838e+00 4.779828970081205775e+00
2.447465865865865897e+00 4.765418981030399515e+00
2.450468768768768957e+00 4.751068995926217120e+00
2.453471671671671572e+00 4.736778695598763633e+00
2.456474574574574632e+00 4.722547762945822569e+00
2.459477477477477247e+00 4.708375882917094302e+00
2.462480380380380307e+00 4.694262742498509944e+00
2.465483283283283367e+00 4.680208030696720201e+00
2.468486186186185982e+00 4.666211438523722776e+00
2.471489089089089042e+00 4.652272658981582154e+00
2.474491991991992101e+00 4.638391387047358982e+00
2.477494894894894717e+00 4.624567319658079434e+00
2.480497797797797777e+00 4.610800155695901736e+00
2.483500700700700836e+00 4.597089595973415044e+00
2.486503603603603452e+00 4.583435343218997815e+00
2.489506506506506511e+00 4.569837102062403567e+00
2.492509409409409571e+00 4.556294579020368829e+00
2.495512312312312186e+00 4.542807482482436043e+00
2.498515215215215246e+00 4.529375522696841294e+00
2.501518118118118306e+00 4.515998411756535269e+00
2.504521021021020921e+00 4.502675863585357874e+00
2.507523923923923981e+00 4.489407593924280349e+00
2.510526826826826596e+00 4.476193320317814361e+00
2.513529729729729656e+00 4.463032762100512585e+00
2.516532632632632716e+00 4.449925640383575853e+00
2.519535535535535331e+00 4.436871678041613087e+00
2.522538438438438391e+00 4.423870599699471384e+00
2.525541341341341450e+00 4.410922131719225092e+00
2.528544244244244066e+00 4.398026002187223504e+00
2.531547147147147125e+00 4.385181940901295761e+00
2.534550050050050185e+00 4.372389679358047232e+00
2.537552952952952801e+00 4.359648950740258044e+00
2.540555855855855860e+00 4.346959489904394403e+00
2.543558758758758920e+00 4.334321033368238041e+00
2.546561661661661535e+00 4.321733319298603604e+00
2.549564564564564595e+00 4.309196087499169714e+00
2.552567467467467655e+00 4.296709079398408626e+00
2.555570370370370270e+00 4.284272038037629571e+00
2.558573273273273330e+00 4.271884708059110025e+00
2.561576176176175945e+00 4.259546835694331790e+00
2.564579079079079005e+00 4.247258168752320984e+00
2.567581981981982064e+00 4.235018456608084847e+00
2.570584884884884680e+00 4.222827450191138254e+00
2.573587787787787740e+00 4.210684901974147465e+00
2.576590690690690799e+00 4.198590565961636933e+00
2.579593593593593415e+00 4.186544197678829349e+00
2.582596496496496474e+00 4.174545554160550509e+00
2.585599399399399534e+00 4.162594393940225679e+00
2.588602302302302149e+00 4.150690477039007398e+00
2.591605205205205209e+00 4.138833564954951250e+00
2.594608108108108269e+00 4.127023420652283114e+00
2.597611011011010884e+00 4.115259808550804976e+00
2.600613913913913944e+00 4.103542494515323824e+00
2.603616816816817003e+00 4.091871245845214666e+00
2.606619719719719619e+00 4.080245831264052825e+00
2.609622622622622679e+00 4.068666020909343040e+00
2.612625525525525294e+00 4.057131586322307193e+00
2.615628428428428354e+00 4.045642300437801708e+00
2.618631331331331413e+00 4.034197937564519165e+00
2.621634234234234029e+00 4.022798273311741113e+00
2.624637137137137088e+00 4.011443084620714750e+00
2.627640040040040148e+00 4.000132149788637292e+00
2.630642942942942764e+00 3.988865248459094737e+00
2.633645845845845823e+00 3.977642161612393590e+00
2.636648748748748883e+00 3.966462671556026276e+00
2.639651651651651498e+00 3.955326561915160966e+00
2.642654554554554558e+00 3.944233617623242871e+00
2.645657457457457618e+00 3.933183624912663490e+00
2.648660360360360233e+00 3.922176371305506670e+00
2.651663263263263293e+00 3.911211645604359965e+00
2.654666166166165908e+00 3.900289237883229898e+00
2.657669069069068968e+00 3.889408939478490090e+00
2.660671971971972027e+00 3.878570542979949742e+00
2.663674874874874643e+00 3.867773842221954528e+00
2.666677777777777703e+00 3.857018632274586967e+00
2.669680680680680762e+00 3.846304709434922753e+00
2.672683583583583378e+00 3.835631871218374123e+00
2.675686486486486437e+00 3.824999916350085627e+00
2.678689389389389497e+00 3.814408644756410727e+00
2.681692292292292112e+00 3.803857857556459443e+00
2.684695195195195172e+00 3.793347357053697966e+00
2.687698098098098232e+00 3.782876946727652623e+00
2.690701001001000847e+00 3.772446431225636942e+00
2.693703903903903907e+00 3.762055616354569310e+00
2.696706806806806966e+00 3.751704309072855459e+00
2.699709709709709582e+00 3.741392317482350460e+00
2.702712612612612642e+00 3.731119450820332251e+00
2.705715515515515257e+00 3.720885519451618162e+00
2.708718418418418317e+00 3.710690334860674344e+00
2.711721321321321376e+00 3.700533709643831770e+00
2.714724224224223992e+00 3.690415457501552421e+00
2.717727127127127051e+00 3.680335393230742991e+00
2.720730030030030111e+00 3.670293332717161405e+00
2.723732932932932727e+00 3.660289092927849097e+00
2.726735835835835786e+00 3.650322491903645883e+00
2.729738738738738846e+00 3.640393348751773228e+00
2.732741641641641461e+00 3.630501483638437499e+00
2.735744544544544521e+00 3.620646717781531798e+00
2.738747447447447581e+00 3.610828873443388876e+00
2.741750350350350196e+00 3.601047773923568673e+00
2.744753253253253256e+00 3.591303243551724034e+00
2.747756156156156315e+00 3.581595107680521917e+00
2.750759059059058931e+00 3.571923192678612136e+00
2.753761961961961990e+00 3.562287325923656489e+00
2.756764864864864606e+00 3.552687335795415624e+00
2.759767767767767666e+00 3.543123051668882972e+00
2.762770670670670725e+00 3.533594303907474199e+00
2.765773573573573341e+00 3.524100923856297030e+00
2.768776476476476400e+00 3.514642743835409533e+00
2.771779379379379460e+00 3.505219597133206300e+00
2.774782282282282075e+00 3.495831317999817056e+00
2.777785185185185135e+00 3.486477741640539030e+00
2.780788088088088195e+00 3.477158704209385665e+00
2.783790990990990810e+00 3.467874042802602919e+00
2.786793893893893870e+00 3.458623595452308574e+00
2.789796796796796929e+00 3.449407201120131550e+00
2.792799699699699545e+00 3.440224699690932475e+00
2.795802602602602605e+00 3.431075931966557579e+00
2.798805505505505664e+00 3.421960739659637429e+00
2.801808408408408280e+00 3.412878965387449615e+00
2.804811311311311339e+00 3.403830452665821849e+00
2.807814214214213955e+00 3.394815045903071926e+00
2.810817117117117014e+00 3.385832590394012520e+00
2.813820020020020074e+00 3.376882932313987951e+00
2.816822922922922690e+00 3.367965918712970463e+00
2.819825825825825749e+00 3.359081397509685374e+00
2.822828728728728809e+00 3.350229217485798827e+00
2.825831631631631424e+00 3.341409228280139754e+00
2.828834534534534484e+00 3.332621280382970674e+00
2.831837437437437544e+00 3.323865225130298029e+00
2.834840340340340159e+00 3.315140914698230912e+00
2.837843243243243219e+00 3.306448202097387767e+00
2.840846146146146278e+00 3.297786941167325292e+00
2.843849049049048894e+00 3.289156986571042829e+00
2.846851951951951953e+00 3.280558193789501864e+00
2.849854854854855013e+00 3.271990419116193927e+00
2.852857757757757629e+00 3.263453519651758672e+00
2.855860660660660688e+00 3.254947353298627277e+00
2.858863563563563304e+00 3.246471778755736892e+00
2.861866466466466363e+00 3.238026655513237984e+00
2.864869369369369423e+00 3.229611843847295827e+00
2.867872272272272038e+00 3.221227204814880896e+00
2.870875175175175098e+00 3.212872600248639188e+00
2.873878078078078158e+00 3.204547892751776761e+00
2.876880980980980773e+00 3.196252945693003333e+00
2.879883883883883833e+00 3.187987623201479437e+00
2.882886786786786892e+00 3.179751790161845726e+00
2.885889689689689508e+00 3.171545312209262502e+00
2.888892592592592568e+00 3.163368055724491867e+00
2.891895495495495627e+00 3.155219887829015857e+00
2.894898398398398243e+00 3.147100676380196305e+00
2.897901301301301302e+00 3.139010289966469802e+00
2.900904204204204362e+00 3.130948597902577735e+00
2.903907107107106977e+00 3.122915470224830958e+00
2.906910010010010037e+00 3.114910777686404675e+00
2.909912912912912653e+00 3.106934391752691482e+00
2.912915815815815712e+00 3.098986184596649540e+00
2.915918718718718772e+00 3.091066029094231116e+00
2.918921621621621387e+00 3.083173798819819567e+00
2.921924524524524447e+00 3.075309368041680536e+00
2.924927427427427507e+00 3.067472611717505959e+00
2.927930330330330122e+00 3.059663405489927879e+00
2.930933233233233182e+00 3.051881625682105525e+00
2.933936136136136241e+00 3.044127149293335499e+00
2.936939039039038857e+00 3.036399853994686371e+00
2.939941941941941916e+00 3.028699618124675474e+00
2.942944844844844976e+00 3.021026320684971012e+00
2.945947747747747592e+00 3.013379841336134568e+00
2.948950650650650651e+00 3.005760060393381394e+00
2.951953553553553267e+00 2.998166858822390868e+00
2.954956456456456326e+00 2.990600118235127169e+00
2.957959359359359386e+00 2.983059720885713251e+00
2.960962262262262001e+00 2.975545549666309686e+00
2.963965165165165061e+00 2.968057488103042374e+00
2.966968068068068121e+00 2.960595420351960438e+00
2.969970970970970736e+00 2.953159231195017664e+00
2.972973873873873796e+00 2.945748806036073475e+00
2.975976776776776855e+00 2.938364030896947643e+00
2.978979679679679471e+00 2.931004792413484328e+00
2.981982582582582531e+00 2.923670977831650308e+00
2.984985485485485590e+00 2.916362475003663413e+00
2.987988388388388206e+00 2.909079172384156475e+00
2.990991291291291265e+00 2.901820959026339519e+00
2.993994194194194325e+00 2.894587724578244092e+00
2.996997097097096940e+00 2.887379359278933411e+00
3.000000000000000000e+00 2.880195753954783555e+00
